  0.0000    1    0.000   1.0000          dur0
  0.0000    0    1.600   1.0000          NULL 
  1.6000    2    1.600   1.0000          dur2
  3.2000    0    3.200   1.0000          NULL 
  6.4000    6    1.600   1.0000         dur32
  8.0000    0    4.800   1.0000          NULL 
 12.8000   12    1.600   1.0000         isi32
 14.4000    0    9.600   1.0000          NULL 
 24.0000    4    1.600   1.0000          dur8
 25.6000    0    3.200   1.0000          NULL 
 28.8000   12    1.600   1.0000         isi32
 30.4000    0    4.800   1.0000          NULL 
 35.2000    9    1.600   1.0000          isi4
 36.8000    0   20.800   1.0000          NULL 
 57.6000    8    1.600   1.0000          isi2
 59.2000    0    1.600   1.0000          NULL 
 60.8000    4    1.600   1.0000          dur8
 62.4000    0    3.200   1.0000          NULL 
 65.6000    7    1.600   1.0000         dur64
 67.2000    0    9.600   1.0000          NULL 
 76.8000    5    1.600   1.0000         dur16
 78.4000    0    3.200   1.0000          NULL 
 81.6000   12    1.600   1.0000         isi32
 83.2000    0   22.400   1.0000          NULL 
105.5999    4    1.600   1.0000          dur8
107.1999    0   17.600   1.0000          NULL 
124.7999   11    1.600   1.0000         isi16
126.3999    0    3.200   1.0000          NULL 
129.5999   10    1.600   1.0000          isi8
131.1999    0    9.600   1.0000          NULL 
140.8000   13    1.600   1.0000         isi64
142.4000    0    6.400   1.0000          NULL 
148.8000   10    1.600   1.0000          isi8
150.4000    0    6.400   1.0000          NULL 
156.8000   13    1.600   1.0000         isi64
158.4000    0    4.800   1.0000          NULL 
163.2000    9    1.600   1.0000          isi4
164.8000    0    3.200   1.0000          NULL 
168.0001    6    1.600   1.0000         dur32
169.6001    0   20.800   1.0000          NULL 
190.4001    8    1.600   1.0000          isi2
192.0002    0    9.600   1.0000          NULL 
201.6002   13    1.600   1.0000         isi64
203.2002    0   14.400   1.0000          NULL 
217.6003   11    1.600   1.0000         isi16
219.2003    6    1.600   1.0000         dur32
220.8003    0    3.200   1.0000          NULL 
224.0003    7    1.600   1.0000         dur64
225.6003    0    3.200   1.0000          NULL 
228.8003    3    1.600   1.0000          dur4
230.4003    0   14.400   1.0000          NULL 
244.8004    7    1.600   1.0000         dur64
246.4004    0   16.000   1.0000          NULL 
262.4004    3    1.600   1.0000          dur4
264.0004    0    8.000   1.0000          NULL 
272.0005    5    1.600   1.0000         dur16
273.6005    2    1.600   1.0000          dur2
275.2005    0    4.800   1.0000          NULL 
280.0005    8    1.600   1.0000          isi2
281.6005    0   17.600   1.0000          NULL 
299.2006    1    0.000   1.0000          dur0
299.2006    0    8.000   1.0000          NULL 
307.2006    2    1.600   1.0000          dur2
308.8006    0    4.800   1.0000          NULL 
313.6006    3    1.600   1.0000          dur4
315.2006    0    8.000   1.0000          NULL 
323.2007   10    1.600   1.0000          isi8
324.8007    0   11.200   1.0000          NULL 
336.0007    5    1.600   1.0000         dur16
337.6007    0    1.600   1.0000          NULL 
339.2007    1    0.000   1.0000          dur0
339.2007    0    1.600   1.0000          NULL 
340.8007    9    1.600   1.0000          isi4
342.4007    0    4.800   1.0000          NULL 
347.2007   11    1.600   1.0000         isi16
348.8008    0   11.199   1.0000          NULL 
