  0.0000    3    1.600   1.0000          dur4
  1.6000    0   11.200   1.0000          NULL 
 12.8000   12    1.600   1.0000         isi32
 14.4000    0    4.800   1.0000          NULL 
 19.2000   12    1.600   1.0000         isi32
 20.8000    0    1.600   1.0000          NULL 
 22.4000    4    1.600   1.0000          dur8
 24.0000    0    3.200   1.0000          NULL 
 27.2000    8    1.600   1.0000          isi2
 28.8000    0   17.600   1.0000          NULL 
 46.4000    9    1.600   1.0000          isi4
 48.0000    0    6.400   1.0000          NULL 
 54.4000    2    1.600   1.0000          dur2
 56.0000    0   19.200   1.0000          NULL 
 75.2000    1    0.000   1.0000          dur0
 75.2000    0   12.800   1.0000          NULL 
 88.0000    4    1.600   1.0000          dur8
 89.6000    0    9.600   1.0000          NULL 
 99.1999   10    1.600   1.0000          isi8
100.7999    6    1.600   1.0000         dur32
102.3999    3    1.600   1.0000          dur4
103.9999    0    4.800   1.0000          NULL 
108.7999    9    1.600   1.0000          isi4
110.3999    0   11.200   1.0000          NULL 
121.5999   11    1.600   1.0000         isi16
123.1999    0    8.000   1.0000          NULL 
131.1999    9    1.600   1.0000          isi4
132.7999    0   11.200   1.0000          NULL 
144.0000   12    1.600   1.0000         isi32
145.6000    0    4.800   1.0000          NULL 
150.4000    8    1.600   1.0000          isi2
152.0000    0    3.200   1.0000          NULL 
155.2000    1    0.000   1.0000          dur0
155.2000    0   19.200   1.0000          NULL 
174.4001    5    1.600   1.0000         dur16
176.0001    8    1.600   1.0000          isi2
177.6001    0    1.600   1.0000          NULL 
179.2001    4    1.600   1.0000          dur8
180.8001    0   16.000   1.0000          NULL 
196.8002    5    1.600   1.0000         dur16
198.4002    0   32.000   1.0000          NULL 
230.4003   13    1.600   1.0000         isi64
232.0003    0    4.800   1.0000          NULL 
236.8003    2    1.600   1.0000          dur2
238.4003    0   17.600   1.0000          NULL 
256.0004   13    1.600   1.0000         isi64
257.6004    0    1.600   1.0000          NULL 
259.2004    2    1.600   1.0000          dur2
260.8004   10    1.600   1.0000          isi8
262.4004    1    0.000   1.0000          dur0
262.4004    0    8.000   1.0000          NULL 
270.4005    7    1.600   1.0000         dur64
272.0005    0    4.800   1.0000          NULL 
276.8005    7    1.600   1.0000         dur64
278.4005    0    3.200   1.0000          NULL 
281.6005    7    1.600   1.0000         dur64
283.2005    0   16.000   1.0000          NULL 
299.2006   11    1.600   1.0000         isi16
300.8006    0    3.200   1.0000          NULL 
304.0006    5    1.600   1.0000         dur16
305.6006    0    4.800   1.0000          NULL 
310.4006    6    1.600   1.0000         dur32
312.0006    0    3.200   1.0000          NULL 
315.2006   11    1.600   1.0000         isi16
316.8006    0    1.600   1.0000          NULL 
318.4006   13    1.600   1.0000         isi64
320.0006    0   11.200   1.0000          NULL 
331.2007    3    1.600   1.0000          dur4
332.8007    0    3.200   1.0000          NULL 
336.0007   10    1.600   1.0000          isi8
337.6007    0    3.200   1.0000          NULL 
340.8007    6    1.600   1.0000         dur32
342.4007    0   17.599   1.0000          NULL 
