  0.0000   11    1.600   1.0000         isi16
  1.6000    0   22.400   1.0000          NULL 
 24.0000   13    1.600   1.0000         isi64
 25.6000    0    3.200   1.0000          NULL 
 28.8000    2    1.600   1.0000          dur2
 30.4000    0    8.000   1.0000          NULL 
 38.4000    8    1.600   1.0000          isi2
 40.0000    0    3.200   1.0000          NULL 
 43.2000    1    0.000   1.0000          dur0
 43.2000    0   19.200   1.0000          NULL 
 62.4000   11    1.600   1.0000         isi16
 64.0000    0    8.000   1.0000          NULL 
 72.0000    3    1.600   1.0000          dur4
 73.6000    0    4.800   1.0000          NULL 
 78.4000    4    1.600   1.0000          dur8
 80.0000    0   11.200   1.0000          NULL 
 91.2000    3    1.600   1.0000          dur4
 92.7999    0   17.600   1.0000          NULL 
110.3999    6    1.600   1.0000         dur32
111.9999    0   16.000   1.0000          NULL 
127.9999    5    1.600   1.0000         dur16
129.5999   10    1.600   1.0000          isi8
131.1999   12    1.600   1.0000         isi32
132.7999    0    3.200   1.0000          NULL 
135.9999    8    1.600   1.0000          isi2
137.5999    0    9.600   1.0000          NULL 
147.2000   13    1.600   1.0000         isi64
148.8000    0    9.600   1.0000          NULL 
158.4000    4    1.600   1.0000          dur8
160.0000    0    1.600   1.0000          NULL 
161.6000   12    1.600   1.0000         isi32
163.2000    1    0.000   1.0000          dur0
163.2000    0    8.000   1.0000          NULL 
171.2001    6    1.600   1.0000         dur32
172.8001    0   12.800   1.0000          NULL 
185.6001    5    1.600   1.0000         dur16
187.2001    0   27.200   1.0000          NULL 
214.4002   10    1.600   1.0000          isi8
216.0002    0    1.600   1.0000          NULL 
217.6003    3    1.600   1.0000          dur4
219.2003    0    3.200   1.0000          NULL 
222.4003    7    1.600   1.0000         dur64
224.0003    0   22.400   1.0000          NULL 
246.4004    8    1.600   1.0000          isi2
248.0004    0   12.800   1.0000          NULL 
260.8004    9    1.600   1.0000          isi4
262.4004   10    1.600   1.0000          isi8
264.0004    0    3.200   1.0000          NULL 
267.2004    1    0.000   1.0000          dur0
267.2004    0    8.000   1.0000          NULL 
275.2005    2    1.600   1.0000          dur2
276.8005    0    4.800   1.0000          NULL 
281.6005   11    1.600   1.0000         isi16
283.2005    0    1.600   1.0000          NULL 
284.8005    7    1.600   1.0000         dur64
286.4005   12    1.600   1.0000         isi32
288.0005    9    1.600   1.0000          isi4
289.6005    0    4.800   1.0000          NULL 
294.4005    2    1.600   1.0000          dur2
296.0005    0   11.200   1.0000          NULL 
307.2006    4    1.600   1.0000          dur8
308.8006    0    1.600   1.0000          NULL 
310.4006    6    1.600   1.0000         dur32
312.0006    0    6.400   1.0000          NULL 
318.4006    5    1.600   1.0000         dur16
320.0006    0    6.400   1.0000          NULL 
326.4007    9    1.600   1.0000          isi4
328.0007    0   12.800   1.0000          NULL 
340.8007    7    1.600   1.0000         dur64
342.4007    0    8.000   1.0000          NULL 
350.4008   13    1.600   1.0000         isi64
352.0008    0    7.999   1.0000          NULL 
