  0.0000    1    0.000   1.0000          dur0
  0.0000    0   24.000   1.0000          NULL 
 24.0000    5    1.600   1.0000         dur16
 25.6000    0    1.600   1.0000          NULL 
 27.2000   10    1.600   1.0000          isi8
 28.8000    0    6.400   1.0000          NULL 
 35.2000    1    0.000   1.0000          dur0
 35.2000    6    1.600   1.0000         dur32
 36.8000    0   12.800   1.0000          NULL 
 49.6000    9    1.600   1.0000          isi4
 51.2000    0    8.000   1.0000          NULL 
 59.2000    9    1.600   1.0000          isi4
 60.8000    0    8.000   1.0000          NULL 
 68.8000   13    1.600   1.0000         isi64
 70.4000    0    3.200   1.0000          NULL 
 73.6000   12    1.600   1.0000         isi32
 75.2000    0   11.200   1.0000          NULL 
 86.4000    3    1.600   1.0000          dur4
 88.0000    0   16.000   1.0000          NULL 
103.9999    5    1.600   1.0000         dur16
105.5999    0   11.200   1.0000          NULL 
116.7999    3    1.600   1.0000          dur4
118.3999    0    3.200   1.0000          NULL 
121.5999   12    1.600   1.0000         isi32
123.1999    0    4.800   1.0000          NULL 
127.9999   13    1.600   1.0000         isi64
129.5999    0    3.200   1.0000          NULL 
132.7999    7    1.600   1.0000         dur64
134.3999    0   17.600   1.0000          NULL 
152.0000    7    1.600   1.0000         dur64
153.6000    0    9.600   1.0000          NULL 
163.2000   13    1.600   1.0000         isi64
164.8000    0    1.600   1.0000          NULL 
166.4001   10    1.600   1.0000          isi8
168.0001    0    9.600   1.0000          NULL 
177.6001   12    1.600   1.0000         isi32
179.2001    0    1.600   1.0000          NULL 
180.8001    1    0.000   1.0000          dur0
180.8001    2    1.600   1.0000          dur2
182.4001    0    4.800   1.0000          NULL 
187.2001    2    1.600   1.0000          dur2
188.8001    0   20.800   1.0000          NULL 
209.6002    4    1.600   1.0000          dur8
211.2002    4    1.600   1.0000          dur8
212.8002    0    8.000   1.0000          NULL 
220.8003    7    1.600   1.0000         dur64
222.4003    0    9.600   1.0000          NULL 
232.0003    4    1.600   1.0000          dur8
233.6003    0    9.600   1.0000          NULL 
243.2003    6    1.600   1.0000         dur32
244.8004    0    4.800   1.0000          NULL 
249.6004   11    1.600   1.0000         isi16
251.2004    0    6.400   1.0000          NULL 
257.6004    8    1.600   1.0000          isi2
259.2004    0   16.000   1.0000          NULL 
275.2005    2    1.600   1.0000          dur2
276.8005    0    9.600   1.0000          NULL 
286.4005    8    1.600   1.0000          isi2
288.0005   10    1.600   1.0000          isi8
289.6005    0   17.600   1.0000          NULL 
307.2006    8    1.600   1.0000          isi2
308.8006    0    1.600   1.0000          NULL 
310.4006    9    1.600   1.0000          isi4
312.0006    0    3.200   1.0000          NULL 
315.2006   11    1.600   1.0000         isi16
316.8006    0    6.400   1.0000          NULL 
323.2007   11    1.600   1.0000         isi16
324.8007    6    1.600   1.0000         dur32
326.4007    0   27.200   1.0000          NULL 
353.6008    3    1.600   1.0000          dur4
355.2008    5    1.600   1.0000         dur16
356.8008    0    3.199   1.0000          NULL 
