  0.0000    3    1.600   1.0000          dur4
  1.6000    0    1.600   1.0000          NULL 
  3.2000    9    1.600   1.0000          isi4
  4.8000    2    1.600   1.0000          dur2
  6.4000    0    3.200   1.0000          NULL 
  9.6000   13    1.600   1.0000         isi64
 11.2000    0    4.800   1.0000          NULL 
 16.0000    1    0.000   1.0000          dur0
 16.0000    0   30.400   1.0000          NULL 
 46.4000    2    1.600   1.0000          dur2
 48.0000    0    6.400   1.0000          NULL 
 54.4000   10    1.600   1.0000          isi8
 56.0000    0   17.600   1.0000          NULL 
 73.6000   11    1.600   1.0000         isi16
 75.2000    0    3.200   1.0000          NULL 
 78.4000    6    1.600   1.0000         dur32
 80.0000    0   12.800   1.0000          NULL 
 92.7999    5    1.600   1.0000         dur16
 94.3999    0    9.600   1.0000          NULL 
103.9999    9    1.600   1.0000          isi4
105.5999    0    4.800   1.0000          NULL 
110.3999    6    1.600   1.0000         dur32
111.9999    0   17.600   1.0000          NULL 
129.5999   10    1.600   1.0000          isi8
131.1999    0    3.200   1.0000          NULL 
134.3999   11    1.600   1.0000         isi16
135.9999    8    1.600   1.0000          isi2
137.5999    0    1.600   1.0000          NULL 
139.2000    8    1.600   1.0000          isi2
140.8000    0    4.800   1.0000          NULL 
145.6000   11    1.600   1.0000         isi16
147.2000    0    6.400   1.0000          NULL 
153.6000   12    1.600   1.0000         isi32
155.2000    0    9.600   1.0000          NULL 
164.8000    7    1.600   1.0000         dur64
166.4001    7    1.600   1.0000         dur64
168.0001    0   19.200   1.0000          NULL 
187.2001    1    0.000   1.0000          dur0
187.2001    0    1.600   1.0000          NULL 
188.8001    6    1.600   1.0000         dur32
190.4001    0    6.400   1.0000          NULL 
196.8002    3    1.600   1.0000          dur4
198.4002    0    1.600   1.0000          NULL 
200.0002   10    1.600   1.0000          isi8
201.6002    0   12.800   1.0000          NULL 
214.4002    4    1.600   1.0000          dur8
216.0002    0    1.600   1.0000          NULL 
217.6003    4    1.600   1.0000          dur8
219.2003    0    6.400   1.0000          NULL 
225.6003    2    1.600   1.0000          dur2
227.2003   13    1.600   1.0000         isi64
228.8003    0    6.400   1.0000          NULL 
235.2003   12    1.600   1.0000         isi32
236.8003    0    9.600   1.0000          NULL 
246.4004   13    1.600   1.0000         isi64
248.0004    0   20.800   1.0000          NULL 
268.8004    1    0.000   1.0000          dur0
268.8004    0   11.200   1.0000          NULL 
280.0005    9    1.600   1.0000          isi4
281.6005    0    8.000   1.0000          NULL 
289.6005    8    1.600   1.0000          isi2
291.2005    0    6.400   1.0000          NULL 
297.6006    5    1.600   1.0000         dur16
299.2006    0   16.000   1.0000          NULL 
315.2006    5    1.600   1.0000         dur16
316.8006    0    3.200   1.0000          NULL 
320.0006    3    1.600   1.0000          dur4
321.6006    0   11.200   1.0000          NULL 
332.8007   12    1.600   1.0000         isi32
334.4007    0    8.000   1.0000          NULL 
342.4007    4    1.600   1.0000          dur8
344.0007    0    8.000   1.0000          NULL 
352.0008    7    1.600   1.0000         dur64
353.6008    0    6.399   1.0000          NULL 
