  0.0000    3    1.600   1.0000          dur4
  1.6000   13    1.600   1.0000         isi64
  3.2000    0    6.400   1.0000          NULL 
  9.6000   13    1.600   1.0000         isi64
 11.2000    0    8.000   1.0000          NULL 
 19.2000    5    1.600   1.0000         dur16
 20.8000    0    4.800   1.0000          NULL 
 25.6000    8    1.600   1.0000          isi2
 27.2000    0   17.600   1.0000          NULL 
 44.8000   11    1.600   1.0000         isi16
 46.4000    0    1.600   1.0000          NULL 
 48.0000    4    1.600   1.0000          dur8
 49.6000    7    1.600   1.0000         dur64
 51.2000    0    8.000   1.0000          NULL 
 59.2000    4    1.600   1.0000          dur8
 60.8000    0   24.000   1.0000          NULL 
 84.8000    1    0.000   1.0000          dur0
 84.8000    0   12.800   1.0000          NULL 
 97.5999    7    1.600   1.0000         dur64
 99.1999    0    8.000   1.0000          NULL 
107.1999    2    1.600   1.0000          dur2
108.7999    0    9.600   1.0000          NULL 
118.3999    1    0.000   1.0000          dur0
118.3999   11    1.600   1.0000         isi16
119.9999    0   11.200   1.0000          NULL 
131.1999    1    0.000   1.0000          dur0
131.1999    0    8.000   1.0000          NULL 
139.2000    6    1.600   1.0000         dur32
140.8000    9    1.600   1.0000          isi4
142.4000    0   19.200   1.0000          NULL 
161.6000    5    1.600   1.0000         dur16
163.2000    0   16.000   1.0000          NULL 
179.2001    9    1.600   1.0000          isi4
180.8001   13    1.600   1.0000         isi64
182.4001    0   22.400   1.0000          NULL 
204.8002   12    1.600   1.0000         isi32
206.4002    0    1.600   1.0000          NULL 
208.0002    8    1.600   1.0000          isi2
209.6002    0    3.200   1.0000          NULL 
212.8002   10    1.600   1.0000          isi8
214.4002    0    3.200   1.0000          NULL 
217.6003    2    1.600   1.0000          dur2
219.2003   10    1.600   1.0000          isi8
220.8003    0    9.600   1.0000          NULL 
230.4003   10    1.600   1.0000          isi8
232.0003    0   12.800   1.0000          NULL 
244.8004    9    1.600   1.0000          isi4
246.4004    0    3.200   1.0000          NULL 
249.6004    4    1.600   1.0000          dur8
251.2004    0    3.200   1.0000          NULL 
254.4004    6    1.600   1.0000         dur32
256.0004    0    9.600   1.0000          NULL 
265.6004   11    1.600   1.0000         isi16
267.2004    0    6.400   1.0000          NULL 
273.6005    3    1.600   1.0000          dur4
275.2005    0   19.200   1.0000          NULL 
294.4005    8    1.600   1.0000          isi2
296.0005    0    3.200   1.0000          NULL 
299.2006    7    1.600   1.0000         dur64
300.8006    0    4.800   1.0000          NULL 
305.6006    3    1.600   1.0000          dur4
307.2006    0    9.600   1.0000          NULL 
316.8006   12    1.600   1.0000         isi32
318.4006    0    8.000   1.0000          NULL 
326.4007    5    1.600   1.0000         dur16
328.0007    0    3.200   1.0000          NULL 
331.2007    6    1.600   1.0000         dur32
332.8007    0    6.400   1.0000          NULL 
339.2007    2    1.600   1.0000          dur2
340.8007    0    1.600   1.0000          NULL 
342.4007   12    1.600   1.0000         isi32
344.0007    0   15.999   1.0000          NULL 
