  0.0000    4    1.600   1.0000          dur8
  1.6000    0   11.200   1.0000          NULL 
 12.8000    4    1.600   1.0000          dur8
 14.4000    0    1.600   1.0000          NULL 
 16.0000    1    0.000   1.0000          dur0
 16.0000    0    3.200   1.0000          NULL 
 19.2000    6    1.600   1.0000         dur32
 20.8000    0    1.600   1.0000          NULL 
 22.4000    4    1.600   1.0000          dur8
 24.0000    0    6.400   1.0000          NULL 
 30.4000   12    1.600   1.0000         isi32
 32.0000    0    6.400   1.0000          NULL 
 38.4000    2    1.600   1.0000          dur2
 40.0000    0   11.200   1.0000          NULL 
 51.2000   11    1.600   1.0000         isi16
 52.8000    0    8.000   1.0000          NULL 
 60.8000    6    1.600   1.0000         dur32
 62.4000    0   16.000   1.0000          NULL 
 78.4000    7    1.600   1.0000         dur64
 80.0000    0   16.000   1.0000          NULL 
 95.9999    8    1.600   1.0000          isi2
 97.5999    0    6.400   1.0000          NULL 
103.9999    5    1.600   1.0000         dur16
105.5999    0    8.000   1.0000          NULL 
113.5999    5    1.600   1.0000         dur16
115.1999    0   14.400   1.0000          NULL 
129.5999   11    1.600   1.0000         isi16
131.1999    0    8.000   1.0000          NULL 
139.2000    8    1.600   1.0000          isi2
140.8000    0    4.800   1.0000          NULL 
145.6000    8    1.600   1.0000          isi2
147.2000    0   14.400   1.0000          NULL 
161.6000    9    1.600   1.0000          isi4
163.2000    0    6.400   1.0000          NULL 
169.6001    5    1.600   1.0000         dur16
171.2001    0    3.200   1.0000          NULL 
174.4001    9    1.600   1.0000          isi4
176.0001    0    4.800   1.0000          NULL 
180.8001   12    1.600   1.0000         isi32
182.4001    0    6.400   1.0000          NULL 
188.8001    3    1.600   1.0000          dur4
190.4001    0    8.000   1.0000          NULL 
198.4002    1    0.000   1.0000          dur0
198.4002   10    1.600   1.0000          isi8
200.0002    0   22.400   1.0000          NULL 
222.4003    2    1.600   1.0000          dur2
224.0003    0    9.600   1.0000          NULL 
233.6003   13    1.600   1.0000         isi64
235.2003   12    1.600   1.0000         isi32
236.8003    0   17.600   1.0000          NULL 
254.4004    9    1.600   1.0000          isi4
256.0004    0    3.200   1.0000          NULL 
259.2004   10    1.600   1.0000          isi8
260.8004    0    1.600   1.0000          NULL 
262.4004    3    1.600   1.0000          dur4
264.0004    0   11.200   1.0000          NULL 
275.2005   11    1.600   1.0000         isi16
276.8005   10    1.600   1.0000          isi8
278.4005    0    4.800   1.0000          NULL 
283.2005    7    1.600   1.0000         dur64
284.8005    0    8.000   1.0000          NULL 
292.8005   13    1.600   1.0000         isi64
294.4005    0   22.400   1.0000          NULL 
316.8006    7    1.600   1.0000         dur64
318.4006    6    1.600   1.0000         dur32
320.0006    2    1.600   1.0000          dur2
321.6006    0    1.600   1.0000          NULL 
323.2007    3    1.600   1.0000          dur4
324.8007    0    8.000   1.0000          NULL 
332.8007    1    0.000   1.0000          dur0
332.8007    0    9.600   1.0000          NULL 
342.4007   13    1.600   1.0000         isi64
344.0007    0   15.999   1.0000          NULL 
