  0.0000    3    1.600   1.0000          dur4
  1.6000    0    9.600   1.0000          NULL 
 11.2000   12    1.600   1.0000         isi32
 12.8000    0    1.600   1.0000          NULL 
 14.4000    5    1.600   1.0000         dur16
 16.0000    0    8.000   1.0000          NULL 
 24.0000    8    1.600   1.0000          isi2
 25.6000    0   12.800   1.0000          NULL 
 38.4000    3    1.600   1.0000          dur4
 40.0000    0    3.200   1.0000          NULL 
 43.2000   13    1.600   1.0000         isi64
 44.8000    0    1.600   1.0000          NULL 
 46.4000    6    1.600   1.0000         dur32
 48.0000    0   16.000   1.0000          NULL 
 64.0000   10    1.600   1.0000          isi8
 65.6000    0   16.000   1.0000          NULL 
 81.6000    6    1.600   1.0000         dur32
 83.2000    0    3.200   1.0000          NULL 
 86.4000    6    1.600   1.0000         dur32
 88.0000    0   20.800   1.0000          NULL 
108.7999    1    0.000   1.0000          dur0
108.7999   13    1.600   1.0000         isi64
110.3999    0    3.200   1.0000          NULL 
113.5999    2    1.600   1.0000          dur2
115.1999    0    6.400   1.0000          NULL 
121.5999    9    1.600   1.0000          isi4
123.1999    0    6.400   1.0000          NULL 
129.5999    1    0.000   1.0000          dur0
129.5999    8    1.600   1.0000          isi2
131.1999    0   20.800   1.0000          NULL 
152.0000   10    1.600   1.0000          isi8
153.6000    0    3.200   1.0000          NULL 
156.8000    7    1.600   1.0000         dur64
158.4000    0    6.400   1.0000          NULL 
164.8000    7    1.600   1.0000         dur64
166.4001    0    8.000   1.0000          NULL 
174.4001    1    0.000   1.0000          dur0
174.4001    0    6.400   1.0000          NULL 
180.8001    2    1.600   1.0000          dur2
182.4001    0    8.000   1.0000          NULL 
190.4001    4    1.600   1.0000          dur8
192.0002    0   20.800   1.0000          NULL 
212.8002    3    1.600   1.0000          dur4
214.4002    0    6.400   1.0000          NULL 
220.8003    2    1.600   1.0000          dur2
222.4003    0    4.800   1.0000          NULL 
227.2003   10    1.600   1.0000          isi8
228.8003    0    3.200   1.0000          NULL 
232.0003    5    1.600   1.0000         dur16
233.6003    0    3.200   1.0000          NULL 
236.8003    9    1.600   1.0000          isi4
238.4003    0    4.800   1.0000          NULL 
243.2003   12    1.600   1.0000         isi32
244.8004   12    1.600   1.0000         isi32
246.4004    0   20.800   1.0000          NULL 
267.2004   11    1.600   1.0000         isi16
268.8004    0    6.400   1.0000          NULL 
275.2005   13    1.600   1.0000         isi64
276.8005    9    1.600   1.0000          isi4
278.4005    0   17.600   1.0000          NULL 
296.0005    4    1.600   1.0000          dur8
297.6006    0    6.400   1.0000          NULL 
304.0006   11    1.600   1.0000         isi16
305.6006    0    6.400   1.0000          NULL 
312.0006    5    1.600   1.0000         dur16
313.6006   11    1.600   1.0000         isi16
315.2006    0   14.400   1.0000          NULL 
329.6007    8    1.600   1.0000          isi2
331.2007    0   14.400   1.0000          NULL 
345.6007    4    1.600   1.0000          dur8
347.2007    0   11.200   1.0000          NULL 
358.4008    7    1.600   1.0000         dur64
