  0.0000   12    1.600   1.0000         isi32
  1.6000    0   19.200   1.0000          NULL 
 20.8000    5    1.600   1.0000         dur16
 22.4000    0    6.400   1.0000          NULL 
 28.8000   13    1.600   1.0000         isi64
 30.4000    0    8.000   1.0000          NULL 
 38.4000    6    1.600   1.0000         dur32
 40.0000    2    1.600   1.0000          dur2
 41.6000    0   33.600   1.0000          NULL 
 75.2000   11    1.600   1.0000         isi16
 76.8000    4    1.600   1.0000          dur8
 78.4000    0   12.800   1.0000          NULL 
 91.2000    8    1.600   1.0000          isi2
 92.7999    0    1.600   1.0000          NULL 
 94.3999    3    1.600   1.0000          dur4
 95.9999   13    1.600   1.0000         isi64
 97.5999    0    9.600   1.0000          NULL 
107.1999    5    1.600   1.0000         dur16
108.7999    0    3.200   1.0000          NULL 
111.9999    6    1.600   1.0000         dur32
113.5999    0    1.600   1.0000          NULL 
115.1999   12    1.600   1.0000         isi32
116.7999    0   12.800   1.0000          NULL 
129.5999    1    0.000   1.0000          dur0
129.5999    0    8.000   1.0000          NULL 
137.5999    5    1.600   1.0000         dur16
139.2000    0    6.400   1.0000          NULL 
145.6000    3    1.600   1.0000          dur4
147.2000    0   16.000   1.0000          NULL 
163.2000    7    1.600   1.0000         dur64
164.8000    0   16.000   1.0000          NULL 
180.8001   11    1.600   1.0000         isi16
182.4001    0    3.200   1.0000          NULL 
185.6001    7    1.600   1.0000         dur64
187.2001    0    1.600   1.0000          NULL 
188.8001   12    1.600   1.0000         isi32
190.4001    0    3.200   1.0000          NULL 
193.6002   10    1.600   1.0000          isi8
195.2002    0    9.600   1.0000          NULL 
204.8002    4    1.600   1.0000          dur8
206.4002    8    1.600   1.0000          isi2
208.0002    0    3.200   1.0000          NULL 
211.2002    8    1.600   1.0000          isi2
212.8002    0    8.000   1.0000          NULL 
220.8003    9    1.600   1.0000          isi4
222.4003    0   14.400   1.0000          NULL 
236.8003    1    0.000   1.0000          dur0
236.8003    0    3.200   1.0000          NULL 
240.0003   13    1.600   1.0000         isi64
241.6003    0    3.200   1.0000          NULL 
244.8004    9    1.600   1.0000          isi4
246.4004    0    9.600   1.0000          NULL 
256.0004    4    1.600   1.0000          dur8
257.6004    0    9.600   1.0000          NULL 
267.2004    7    1.600   1.0000         dur64
268.8004    0    6.400   1.0000          NULL 
275.2005   10    1.600   1.0000          isi8
276.8005    0    6.400   1.0000          NULL 
283.2005    3    1.600   1.0000          dur4
284.8005    2    1.600   1.0000          dur2
286.4005    0    1.600   1.0000          NULL 
288.0005   10    1.600   1.0000          isi8
289.6005    0    8.000   1.0000          NULL 
297.6006    6    1.600   1.0000         dur32
299.2006    9    1.600   1.0000          isi4
300.8006    1    0.000   1.0000          dur0
300.8006    0   32.000   1.0000          NULL 
332.8007    2    1.600   1.0000          dur2
334.4007    0   14.400   1.0000          NULL 
348.8008   11    1.600   1.0000         isi16
350.4008    0    9.599   1.0000          NULL 
