  0.0000    2    1.600   1.0000          dur2
  1.6000    0   16.000   1.0000          NULL 
 17.6000    1    0.000   1.0000          dur0
 17.6000    0    1.600   1.0000          NULL 
 19.2000   11    1.600   1.0000         isi16
 20.8000    0   11.200   1.0000          NULL 
 32.0000   12    1.600   1.0000         isi32
 33.6000    0    1.600   1.0000          NULL 
 35.2000    5    1.600   1.0000         dur16
 36.8000    0    6.400   1.0000          NULL 
 43.2000   10    1.600   1.0000          isi8
 44.8000    0   11.200   1.0000          NULL 
 56.0000   13    1.600   1.0000         isi64
 57.6000    0    1.600   1.0000          NULL 
 59.2000    7    1.600   1.0000         dur64
 60.8000    0   24.000   1.0000          NULL 
 84.8000   13    1.600   1.0000         isi64
 86.4000    0   19.200   1.0000          NULL 
105.5999   10    1.600   1.0000          isi8
107.1999    0    6.400   1.0000          NULL 
113.5999    2    1.600   1.0000          dur2
115.1999    0    6.400   1.0000          NULL 
121.5999   11    1.600   1.0000         isi16
123.1999    0    8.000   1.0000          NULL 
131.1999    9    1.600   1.0000          isi4
132.7999    0   11.200   1.0000          NULL 
144.0000   12    1.600   1.0000         isi32
145.6000    0    6.400   1.0000          NULL 
152.0000    1    0.000   1.0000          dur0
152.0000    0   17.600   1.0000          NULL 
169.6001    6    1.600   1.0000         dur32
171.2001    0   12.800   1.0000          NULL 
184.0001    8    1.600   1.0000          isi2
185.6001    0    1.600   1.0000          NULL 
187.2001    3    1.600   1.0000          dur4
188.8001    0    4.800   1.0000          NULL 
193.6002   12    1.600   1.0000         isi32
195.2002    0   14.400   1.0000          NULL 
209.6002    9    1.600   1.0000          isi4
211.2002    0    1.600   1.0000          NULL 
212.8002    7    1.600   1.0000         dur64
214.4002    5    1.600   1.0000         dur16
216.0002    0    3.200   1.0000          NULL 
219.2003    9    1.600   1.0000          isi4
220.8003    0    3.200   1.0000          NULL 
224.0003   11    1.600   1.0000         isi16
225.6003    0   14.400   1.0000          NULL 
240.0003    4    1.600   1.0000          dur8
241.6003    0   16.000   1.0000          NULL 
257.6004    6    1.600   1.0000         dur32
259.2004    0    4.800   1.0000          NULL 
264.0004    6    1.600   1.0000         dur32
265.6004    4    1.600   1.0000          dur8
267.2004    0   20.800   1.0000          NULL 
288.0005    7    1.600   1.0000         dur64
289.6005    5    1.600   1.0000         dur16
291.2005    0    1.600   1.0000          NULL 
292.8005    3    1.600   1.0000          dur4
294.4005    0    4.800   1.0000          NULL 
299.2006    3    1.600   1.0000          dur4
300.8006    0    4.800   1.0000          NULL 
305.6006    8    1.600   1.0000          isi2
307.2006    0   19.200   1.0000          NULL 
326.4007    4    1.600   1.0000          dur8
328.0007    0    4.800   1.0000          NULL 
332.8007    2    1.600   1.0000          dur2
334.4007    0    1.600   1.0000          NULL 
336.0007    1    0.000   1.0000          dur0
336.0007    0    1.600   1.0000          NULL 
337.6007   13    1.600   1.0000         isi64
339.2007    0    3.200   1.0000          NULL 
342.4007    8    1.600   1.0000          isi2
344.0007    0   12.800   1.0000          NULL 
356.8008   10    1.600   1.0000          isi8
358.4008    0    1.599   1.0000          NULL 
