  0.0000    2    4.800   1.0000         dur_2
  4.8000    3    4.800   1.0000         dur_4
  9.6000    0    8.000   1.0000          NULL 
 17.6000    2    4.800   1.0000         dur_2
 22.4000    0    1.600   1.0000          NULL 
 24.0000    9    4.800   1.0000         isi_4
 28.8000    5    4.800   1.0000        dur_16
 33.6000    0    3.200   1.0000          NULL 
 36.8000    8    4.800   1.0000         isi_2
 41.6000    3    4.800   1.0000         dur_4
 46.4000    0    1.600   1.0000          NULL 
 48.0000    1    4.800   1.0000         dur_0
 52.8000    0    8.000   1.0000          NULL 
 60.8000   11    4.800   1.0000        isi_16
 65.6000    0    3.200   1.0000          NULL 
 68.8000    7    4.800   1.0000        dur_64
 73.6000    0    3.200   1.0000          NULL 
 76.8000    6    4.800   1.0000        dur_32
 81.6000    0    1.600   1.0000          NULL 
 83.2000    7    4.800   1.0000        dur_64
 88.0000    0    1.600   1.0000          NULL 
 89.6000   10    4.800   1.0000         isi_8
 94.4000    0    6.400   1.0000          NULL 
100.8000    6    4.800   1.0000        dur_32
105.6000    0    1.600   1.0000          NULL 
107.2000    2    4.800   1.0000         dur_2
112.0000    0    1.600   1.0000          NULL 
113.6000   11    4.800   1.0000        isi_16
118.4000    0    4.800   1.0000          NULL 
123.2000    9    4.800   1.0000         isi_4
128.0000    0    1.600   1.0000          NULL 
129.6000   10    4.800   1.0000         isi_8
134.4000   13    4.800   1.0000        isi_64
139.2000    0    1.600   1.0000          NULL 
140.8000    4    4.800   1.0000         dur_8
145.6000    0    4.800   1.0000          NULL 
150.4000    6    4.800   1.0000        dur_32
155.2000    0    6.400   1.0000          NULL 
161.6001    9    4.800   1.0000         isi_4
166.4001    0    8.000   1.0000          NULL 
174.4001    4    4.800   1.0000         dur_8
179.2001    0    4.800   1.0000          NULL 
184.0001   13    4.800   1.0000        isi_64
188.8001   12    4.800   1.0000        isi_32
193.6001    0    6.400   1.0000          NULL 
200.0001    3    4.800   1.0000         dur_4
204.8001    0    1.600   1.0000          NULL 
206.4001    5    4.800   1.0000        dur_16
211.2001    0    3.200   1.0000          NULL 
214.4002   11    4.800   1.0000        isi_16
219.2002   13    4.800   1.0000        isi_64
224.0002    0    6.400   1.0000          NULL 
230.4002   12    4.800   1.0000        isi_32
235.2002    0    3.200   1.0000          NULL 
238.4002   10    4.800   1.0000         isi_8
243.2002    0    8.000   1.0000          NULL 
251.2002    1    4.800   1.0000         dur_0
256.0002    4    4.800   1.0000         dur_8
260.8002    0    8.000   1.0000          NULL 
268.8003    8    4.800   1.0000         isi_2
273.6003    0    6.400   1.0000          NULL 
280.0003    7    4.800   1.0000        dur_64
284.8003    8    4.800   1.0000         isi_2
289.6003    0    1.600   1.0000          NULL 
291.2003   12    4.800   1.0000        isi_32
296.0002    0    3.200   1.0000          NULL 
299.2003    1    4.800   1.0000         dur_0
304.0002    0    1.600   1.0000          NULL 
305.6003    5    4.800   1.0000        dur_16
310.4002    0    9.600   1.0000          NULL 
