  0.0000   13    4.800   1.0000        isi_64
  4.8000   10    4.800   1.0000         isi_8
  9.6000    0    1.600   1.0000          NULL 
 11.2000    4    4.800   1.0000         dur_8
 16.0000    0    8.000   1.0000          NULL 
 24.0000   12    4.800   1.0000        isi_32
 28.8000    0    8.000   1.0000          NULL 
 36.8000    5    4.800   1.0000        dur_16
 41.6000    9    4.800   1.0000         isi_4
 46.4000    0    4.800   1.0000          NULL 
 51.2000    8    4.800   1.0000         isi_2
 56.0000    7    4.800   1.0000        dur_64
 60.8000    0    1.600   1.0000          NULL 
 62.4000    9    4.800   1.0000         isi_4
 67.2000    0    1.600   1.0000          NULL 
 68.8000    6    4.800   1.0000        dur_32
 73.6000    5    4.800   1.0000        dur_16
 78.4000    0    4.800   1.0000          NULL 
 83.2000    2    4.800   1.0000         dur_2
 88.0000   13    4.800   1.0000        isi_64
 92.8000    0    3.200   1.0000          NULL 
 96.0000   11    4.800   1.0000        isi_16
100.8000    0    3.200   1.0000          NULL 
104.0000    6    4.800   1.0000        dur_32
108.8000   11    4.800   1.0000        isi_16
113.6000    0    8.000   1.0000          NULL 
121.6000    4    4.800   1.0000         dur_8
126.4000    7    4.800   1.0000        dur_64
131.2000    0    4.800   1.0000          NULL 
136.0000   12    4.800   1.0000        isi_32
140.8000   12    4.800   1.0000        isi_32
145.6000    0    8.000   1.0000          NULL 
153.6001    1    4.800   1.0000         dur_0
158.4001    0    3.200   1.0000          NULL 
161.6001    6    4.800   1.0000        dur_32
166.4001    0    3.200   1.0000          NULL 
169.6001   13    4.800   1.0000        isi_64
174.4001    0    8.000   1.0000          NULL 
182.4001    3    4.800   1.0000         dur_4
187.2001    0    4.800   1.0000          NULL 
192.0001    9    4.800   1.0000         isi_4
196.8001    0    3.200   1.0000          NULL 
200.0002    1    4.800   1.0000         dur_0
204.8002    8    4.800   1.0000         isi_2
209.6002    0    1.600   1.0000          NULL 
211.2002   11    4.800   1.0000        isi_16
216.0002    0    3.200   1.0000          NULL 
219.2002    2    4.800   1.0000         dur_2
224.0002    0    6.400   1.0000          NULL 
230.4002    5    4.800   1.0000        dur_16
235.2002    1    4.800   1.0000         dur_0
240.0002    0    8.000   1.0000          NULL 
248.0002   10    4.800   1.0000         isi_8
252.8002    0    4.800   1.0000          NULL 
257.6003    7    4.800   1.0000        dur_64
262.4002    0    6.400   1.0000          NULL 
268.8003    4    4.800   1.0000         dur_8
273.6003    0    1.600   1.0000          NULL 
275.2003    3    4.800   1.0000         dur_4
280.0002    2    4.800   1.0000         dur_2
284.8002    0    4.800   1.0000          NULL 
289.6003   10    4.800   1.0000         isi_8
294.4002    0    8.000   1.0000          NULL 
302.4003    8    4.800   1.0000         isi_2
307.2003    3    4.800   1.0000         dur_4
312.0002    0    8.000   1.0000          NULL 
