  0.0000    9    4.800   1.0000         isi_4
  4.8000    0    4.800   1.0000          NULL 
  9.6000   13    4.800   1.0000        isi_64
 14.4000    6    4.800   1.0000        dur_32
 19.2000    0    3.200   1.0000          NULL 
 22.4000    5    4.800   1.0000        dur_16
 27.2000    2    4.800   1.0000         dur_2
 32.0000    9    4.800   1.0000         isi_4
 36.8000    0    6.400   1.0000          NULL 
 43.2000    2    4.800   1.0000         dur_2
 48.0000    8    4.800   1.0000         isi_2
 52.8000    0    1.600   1.0000          NULL 
 54.4000    7    4.800   1.0000        dur_64
 59.2000    5    4.800   1.0000        dur_16
 64.0000    0    3.200   1.0000          NULL 
 67.2000   11    4.800   1.0000        isi_16
 72.0000    0    1.600   1.0000          NULL 
 73.6000    3    4.800   1.0000         dur_4
 78.4000    0    9.600   1.0000          NULL 
 88.0000    7    4.800   1.0000        dur_64
 92.8000    0    6.400   1.0000          NULL 
 99.2000    1    4.800   1.0000         dur_0
104.0000    6    4.800   1.0000        dur_32
108.8000    0    4.800   1.0000          NULL 
113.6000   11    4.800   1.0000        isi_16
118.4000    0    1.600   1.0000          NULL 
120.0000   12    4.800   1.0000        isi_32
124.8000    0    3.200   1.0000          NULL 
128.0000    1    4.800   1.0000         dur_0
132.8000    0    1.600   1.0000          NULL 
134.4000    1    4.800   1.0000         dur_0
139.2000    0    6.400   1.0000          NULL 
145.6000    8    4.800   1.0000         isi_2
150.4000    0    3.200   1.0000          NULL 
153.6000   13    4.800   1.0000        isi_64
158.4000    0    1.600   1.0000          NULL 
160.0000    9    4.800   1.0000         isi_4
164.8000    0    1.600   1.0000          NULL 
166.4001    5    4.800   1.0000        dur_16
171.2001    0    8.000   1.0000          NULL 
179.2001   10    4.800   1.0000         isi_8
184.0001   12    4.800   1.0000        isi_32
188.8001    0    1.600   1.0000          NULL 
190.4001    2    4.800   1.0000         dur_2
195.2001    0    9.600   1.0000          NULL 
204.8001   12    4.800   1.0000        isi_32
209.6001    0    3.200   1.0000          NULL 
212.8002   13    4.800   1.0000        isi_64
217.6002    8    4.800   1.0000         isi_2
222.4002    0    3.200   1.0000          NULL 
225.6002   10    4.800   1.0000         isi_8
230.4002    0    8.000   1.0000          NULL 
238.4002   11    4.800   1.0000        isi_16
243.2002    0    3.200   1.0000          NULL 
246.4002    3    4.800   1.0000         dur_4
251.2002    0    6.400   1.0000          NULL 
257.6003    7    4.800   1.0000        dur_64
262.4002    0    1.600   1.0000          NULL 
264.0002    4    4.800   1.0000         dur_8
268.8002    0    4.800   1.0000          NULL 
273.6003    4    4.800   1.0000         dur_8
278.4002    0    1.600   1.0000          NULL 
280.0002    3    4.800   1.0000         dur_4
284.8002   10    4.800   1.0000         isi_8
289.6002    0    3.200   1.0000          NULL 
292.8002    6    4.800   1.0000        dur_32
297.6002    0    8.000   1.0000          NULL 
305.6003    4    4.800   1.0000         dur_8
310.4002    0    9.600   1.0000          NULL 
