  0.0000    7    4.800   1.0000        dur_64
  4.8000    0    6.400   1.0000          NULL 
 11.2000    6    4.800   1.0000        dur_32
 16.0000    0    4.800   1.0000          NULL 
 20.8000    1    4.800   1.0000         dur_0
 25.6000    0    1.600   1.0000          NULL 
 27.2000   13    4.800   1.0000        isi_64
 32.0000   11    4.800   1.0000        isi_16
 36.8000    0    1.600   1.0000          NULL 
 38.4000    1    4.800   1.0000         dur_0
 43.2000    0    1.600   1.0000          NULL 
 44.8000   12    4.800   1.0000        isi_32
 49.6000    7    4.800   1.0000        dur_64
 54.4000    0    4.800   1.0000          NULL 
 59.2000    5    4.800   1.0000        dur_16
 64.0000    4    4.800   1.0000         dur_8
 68.8000    0    6.400   1.0000          NULL 
 75.2000    4    4.800   1.0000         dur_8
 80.0000    0    1.600   1.0000          NULL 
 81.6000   10    4.800   1.0000         isi_8
 86.4000    0    4.800   1.0000          NULL 
 91.2000    8    4.800   1.0000         isi_2
 96.0000    4    4.800   1.0000         dur_8
100.8000    9    4.800   1.0000         isi_4
105.6000    0    8.000   1.0000          NULL 
113.6000   11    4.800   1.0000        isi_16
118.4000    0    1.600   1.0000          NULL 
120.0000    9    4.800   1.0000         isi_4
124.8000    0    1.600   1.0000          NULL 
126.4000    3    4.800   1.0000         dur_4
131.2000    0    1.600   1.0000          NULL 
132.8000    1    4.800   1.0000         dur_0
137.6000    0    8.000   1.0000          NULL 
145.6000    5    4.800   1.0000        dur_16
150.4000    0    1.600   1.0000          NULL 
152.0000   11    4.800   1.0000        isi_16
156.8000    0    8.000   1.0000          NULL 
164.8001    2    4.800   1.0000         dur_2
169.6001    0    8.000   1.0000          NULL 
177.6001   10    4.800   1.0000         isi_8
182.4001    0    3.200   1.0000          NULL 
185.6001    2    4.800   1.0000         dur_2
190.4001    0    1.600   1.0000          NULL 
192.0001    6    4.800   1.0000        dur_32
196.8001    0    4.800   1.0000          NULL 
201.6002   12    4.800   1.0000        isi_32
206.4002    0    8.000   1.0000          NULL 
214.4002    8    4.800   1.0000         isi_2
219.2002    0    1.600   1.0000          NULL 
220.8002   13    4.800   1.0000        isi_64
225.6002    0    4.800   1.0000          NULL 
230.4002    3    4.800   1.0000         dur_4
235.2002   10    4.800   1.0000         isi_8
240.0002    0    1.600   1.0000          NULL 
241.6002    2    4.800   1.0000         dur_2
246.4002    3    4.800   1.0000         dur_4
251.2002    0    3.200   1.0000          NULL 
254.4003    5    4.800   1.0000        dur_16
259.2003    0    8.000   1.0000          NULL 
267.2003   13    4.800   1.0000        isi_64
272.0003    0    1.600   1.0000          NULL 
273.6003    6    4.800   1.0000        dur_32
278.4003    7    4.800   1.0000        dur_64
283.2003    0    4.800   1.0000          NULL 
288.0003    9    4.800   1.0000         isi_4
292.8003    0    4.800   1.0000          NULL 
297.6003   12    4.800   1.0000        isi_32
302.4003    0    3.200   1.0000          NULL 
305.6003    8    4.800   1.0000         isi_2
310.4003    0    9.600   1.0000          NULL 
