  0.0000    7    4.800   1.0000        dur_64
  4.8000   12    4.800   1.0000        isi_32
  9.6000    0    4.800   1.0000          NULL 
 14.4000    3    4.800   1.0000         dur_4
 19.2000    0    1.600   1.0000          NULL 
 20.8000    2    4.800   1.0000         dur_2
 25.6000    7    4.800   1.0000        dur_64
 30.4000    0    1.600   1.0000          NULL 
 32.0000    7    4.800   1.0000        dur_64
 36.8000    0    4.800   1.0000          NULL 
 41.6000    8    4.800   1.0000         isi_2
 46.4000    0    6.400   1.0000          NULL 
 52.8000    1    4.800   1.0000         dur_0
 57.6000   10    4.800   1.0000         isi_8
 62.4000    0    6.400   1.0000          NULL 
 68.8000   12    4.800   1.0000        isi_32
 73.6000    8    4.800   1.0000         isi_2
 78.4000    0    6.400   1.0000          NULL 
 84.8000   11    4.800   1.0000        isi_16
 89.6000    0    4.800   1.0000          NULL 
 94.4000    6    4.800   1.0000        dur_32
 99.2000    0    1.600   1.0000          NULL 
100.8000    4    4.800   1.0000         dur_8
105.6000    0    4.800   1.0000          NULL 
110.4000   13    4.800   1.0000        isi_64
115.2000   11    4.800   1.0000        isi_16
120.0000    5    4.800   1.0000        dur_16
124.8000    0    4.800   1.0000          NULL 
129.6000   12    4.800   1.0000        isi_32
134.4000    2    4.800   1.0000         dur_2
139.2000    4    4.800   1.0000         dur_8
144.0000    0    8.000   1.0000          NULL 
152.0000   11    4.800   1.0000        isi_16
156.8000   13    4.800   1.0000        isi_64
161.6000    0    4.800   1.0000          NULL 
166.4001   13    4.800   1.0000        isi_64
171.2001    0    1.600   1.0000          NULL 
172.8001    1    4.800   1.0000         dur_0
177.6001    0    3.200   1.0000          NULL 
180.8001    1    4.800   1.0000         dur_0
185.6001    0    8.000   1.0000          NULL 
193.6001   10    4.800   1.0000         isi_8
198.4001    0    3.200   1.0000          NULL 
201.6001    3    4.800   1.0000         dur_4
206.4001    0    6.400   1.0000          NULL 
212.8002    5    4.800   1.0000        dur_16
217.6002    0    8.000   1.0000          NULL 
225.6002    6    4.800   1.0000        dur_32
230.4002    0    4.800   1.0000          NULL 
235.2002    6    4.800   1.0000        dur_32
240.0002    0    1.600   1.0000          NULL 
241.6002    9    4.800   1.0000         isi_4
246.4002    0    4.800   1.0000          NULL 
251.2002    2    4.800   1.0000         dur_2
256.0002    0    4.800   1.0000          NULL 
260.8003    8    4.800   1.0000         isi_2
265.6003    4    4.800   1.0000         dur_8
270.4002    9    4.800   1.0000         isi_4
275.2002    0    1.600   1.0000          NULL 
276.8002   10    4.800   1.0000         isi_8
281.6002    9    4.800   1.0000         isi_4
286.4002    0    8.000   1.0000          NULL 
294.4002    3    4.800   1.0000         dur_4
299.2002    0    8.000   1.0000          NULL 
307.2003    5    4.800   1.0000        dur_16
312.0002    0    8.000   1.0000          NULL 
