  0.0000    4    4.800   1.0000         dur_8
  4.8000   10    4.800   1.0000         isi_8
  9.6000    0    1.600   1.0000          NULL 
 11.2000   11    4.800   1.0000        isi_16
 16.0000    0    8.000   1.0000          NULL 
 24.0000    6    4.800   1.0000        dur_32
 28.8000    0    1.600   1.0000          NULL 
 30.4000   11    4.800   1.0000        isi_16
 35.2000    3    4.800   1.0000         dur_4
 40.0000    0    1.600   1.0000          NULL 
 41.6000    2    4.800   1.0000         dur_2
 46.4000    0    8.000   1.0000          NULL 
 54.4000    1    4.800   1.0000         dur_0
 59.2000    0    4.800   1.0000          NULL 
 64.0000   10    4.800   1.0000         isi_8
 68.8000    7    4.800   1.0000        dur_64
 73.6000    6    4.800   1.0000        dur_32
 78.4000    0    3.200   1.0000          NULL 
 81.6000   13    4.800   1.0000        isi_64
 86.4000    7    4.800   1.0000        dur_64
 91.2000    0    6.400   1.0000          NULL 
 97.6000    7    4.800   1.0000        dur_64
102.4000    0    6.400   1.0000          NULL 
108.8000   13    4.800   1.0000        isi_64
113.6000    0    8.000   1.0000          NULL 
121.6000    8    4.800   1.0000         isi_2
126.4000    9    4.800   1.0000         isi_4
131.2000    0    1.600   1.0000          NULL 
132.8000    4    4.800   1.0000         dur_8
137.6000    0    3.200   1.0000          NULL 
140.8000    8    4.800   1.0000         isi_2
145.6000    2    4.800   1.0000         dur_2
150.4000    0    3.200   1.0000          NULL 
153.6000    5    4.800   1.0000        dur_16
158.4000    0    8.000   1.0000          NULL 
166.4001   11    4.800   1.0000        isi_16
171.2001    0    4.800   1.0000          NULL 
176.0001    8    4.800   1.0000         isi_2
180.8001    0    4.800   1.0000          NULL 
185.6001    9    4.800   1.0000         isi_4
190.4001    0    1.600   1.0000          NULL 
192.0001    5    4.800   1.0000        dur_16
196.8001    0    1.600   1.0000          NULL 
198.4001    2    4.800   1.0000         dur_2
203.2001    0    1.600   1.0000          NULL 
204.8001    9    4.800   1.0000         isi_4
209.6001    0    6.400   1.0000          NULL 
216.0002   10    4.800   1.0000         isi_8
220.8002    0    6.400   1.0000          NULL 
227.2002   13    4.800   1.0000        isi_64
232.0002   12    4.800   1.0000        isi_32
236.8002    0    6.400   1.0000          NULL 
243.2002    5    4.800   1.0000        dur_16
248.0002    0    1.600   1.0000          NULL 
249.6002    3    4.800   1.0000         dur_4
254.4002    0    8.000   1.0000          NULL 
262.4002   12    4.800   1.0000        isi_32
267.2002    0    1.600   1.0000          NULL 
268.8002    1    4.800   1.0000         dur_0
273.6002    0    6.400   1.0000          NULL 
280.0002    3    4.800   1.0000         dur_4
284.8002    0    1.600   1.0000          NULL 
286.4002    1    4.800   1.0000         dur_0
291.2002    4    4.800   1.0000         dur_8
296.0002    0    8.000   1.0000          NULL 
304.0002   12    4.800   1.0000        isi_32
308.8002    6    4.800   1.0000        dur_32
313.6002    0    6.400   1.0000          NULL 
