  0.0000    4    4.800   1.0000         dur_8
  4.8000    0    4.800   1.0000          NULL 
  9.6000    8    4.800   1.0000         isi_2
 14.4000    0    4.800   1.0000          NULL 
 19.2000    1    4.800   1.0000         dur_0
 24.0000    8    4.800   1.0000         isi_2
 28.8000    0    9.600   1.0000          NULL 
 38.4000   13    4.800   1.0000        isi_64
 43.2000    0    8.000   1.0000          NULL 
 51.2000    9    4.800   1.0000         isi_4
 56.0000    0    1.600   1.0000          NULL 
 57.6000    3    4.800   1.0000         dur_4
 62.4000    0    3.200   1.0000          NULL 
 65.6000    2    4.800   1.0000         dur_2
 70.4000    7    4.800   1.0000        dur_64
 75.2000    0    8.000   1.0000          NULL 
 83.2000   12    4.800   1.0000        isi_32
 88.0000    0    6.400   1.0000          NULL 
 94.4000    9    4.800   1.0000         isi_4
 99.2000    0    6.400   1.0000          NULL 
105.6000   10    4.800   1.0000         isi_8
110.4000    0    4.800   1.0000          NULL 
115.2000   10    4.800   1.0000         isi_8
120.0000    0    1.600   1.0000          NULL 
121.6000    1    4.800   1.0000         dur_0
126.4000    0    1.600   1.0000          NULL 
128.0000   10    4.800   1.0000         isi_8
132.8000    0    4.800   1.0000          NULL 
137.6000    5    4.800   1.0000        dur_16
142.4000    5    4.800   1.0000        dur_16
147.2000    0    3.200   1.0000          NULL 
150.4000   11    4.800   1.0000        isi_16
155.2000    0    3.200   1.0000          NULL 
158.4000    6    4.800   1.0000        dur_32
163.2000    7    4.800   1.0000        dur_64
168.0000    0    3.200   1.0000          NULL 
171.2000   13    4.800   1.0000        isi_64
176.0000    5    4.800   1.0000        dur_16
180.8000    0    6.400   1.0000          NULL 
187.2001   11    4.800   1.0000        isi_16
192.0001   13    4.800   1.0000        isi_64
196.8001    0    1.600   1.0000          NULL 
198.4001    4    4.800   1.0000         dur_8
203.2001    1    4.800   1.0000         dur_0
208.0001    0   11.200   1.0000          NULL 
219.2001    7    4.800   1.0000        dur_64
224.0001    0    3.200   1.0000          NULL 
227.2001    2    4.800   1.0000         dur_2
232.0002   12    4.800   1.0000        isi_32
236.8002    3    4.800   1.0000         dur_4
241.6002    0    3.200   1.0000          NULL 
244.8002   12    4.800   1.0000        isi_32
249.6002    0    6.400   1.0000          NULL 
256.0002    2    4.800   1.0000         dur_2
260.8002    6    4.800   1.0000        dur_32
265.6002    0    1.600   1.0000          NULL 
267.2002    8    4.800   1.0000         isi_2
272.0002   11    4.800   1.0000        isi_16
276.8001    0    8.000   1.0000          NULL 
284.8002    4    4.800   1.0000         dur_8
289.6002    3    4.800   1.0000         dur_4
294.4001    0    1.600   1.0000          NULL 
296.0002    9    4.800   1.0000         isi_4
300.8001    0    4.800   1.0000          NULL 
305.6002    6    4.800   1.0000        dur_32
310.4001    0    9.600   1.0000          NULL 
