  0.0000    1    4.800   1.0000         dur_0
  4.8000    5    4.800   1.0000        dur_16
  9.6000    0    8.000   1.0000          NULL 
 17.6000    9    4.800   1.0000         isi_4
 22.4000    2    4.800   1.0000         dur_2
 27.2000    6    4.800   1.0000        dur_32
 32.0000    0    3.200   1.0000          NULL 
 35.2000    7    4.800   1.0000        dur_64
 40.0000    0    1.600   1.0000          NULL 
 41.6000   10    4.800   1.0000         isi_8
 46.4000    4    4.800   1.0000         dur_8
 51.2000    1    4.800   1.0000         dur_0
 56.0000   11    4.800   1.0000        isi_16
 60.8000    3    4.800   1.0000         dur_4
 65.6000    0    6.400   1.0000          NULL 
 72.0000    7    4.800   1.0000        dur_64
 76.8000    0    1.600   1.0000          NULL 
 78.4000    5    4.800   1.0000        dur_16
 83.2000    0    1.600   1.0000          NULL 
 84.8000    4    4.800   1.0000         dur_8
 89.6000    0    3.200   1.0000          NULL 
 92.8000   10    4.800   1.0000         isi_8
 97.6000    0    4.800   1.0000          NULL 
102.4000    9    4.800   1.0000         isi_4
107.2000    0    8.000   1.0000          NULL 
115.2000    5    4.800   1.0000        dur_16
120.0000    0    6.400   1.0000          NULL 
126.4000   12    4.800   1.0000        isi_32
131.2000   13    4.800   1.0000        isi_64
136.0000   12    4.800   1.0000        isi_32
140.8000    0    8.000   1.0000          NULL 
148.8000    1    4.800   1.0000         dur_0
153.6000    0    8.000   1.0000          NULL 
161.6001    3    4.800   1.0000         dur_4
166.4001    0    9.600   1.0000          NULL 
176.0001   11    4.800   1.0000        isi_16
180.8001    0    8.000   1.0000          NULL 
188.8001    2    4.800   1.0000         dur_2
193.6001    0    8.000   1.0000          NULL 
201.6002    8    4.800   1.0000         isi_2
206.4002    0    4.800   1.0000          NULL 
211.2002    2    4.800   1.0000         dur_2
216.0002   10    4.800   1.0000         isi_8
220.8002    0    4.800   1.0000          NULL 
225.6002   13    4.800   1.0000        isi_64
230.4002    7    4.800   1.0000        dur_64
235.2002    0    6.400   1.0000          NULL 
241.6002   12    4.800   1.0000        isi_32
246.4002    0    1.600   1.0000          NULL 
248.0002    6    4.800   1.0000        dur_32
252.8002   11    4.800   1.0000        isi_16
257.6003    0    8.000   1.0000          NULL 
265.6003    6    4.800   1.0000        dur_32
270.4003    0    1.600   1.0000          NULL 
272.0003    3    4.800   1.0000         dur_4
276.8003    0    3.200   1.0000          NULL 
280.0003    4    4.800   1.0000         dur_8
284.8003   13    4.800   1.0000        isi_64
289.6003    0    8.000   1.0000          NULL 
297.6003    8    4.800   1.0000         isi_2
302.4003    8    4.800   1.0000         isi_2
307.2003    9    4.800   1.0000         isi_4
312.0002    0    8.000   1.0000          NULL 
