  0.0000    1    4.800   1.0000         dur_0
  4.8000    0    1.600   1.0000          NULL 
  6.4000    1    4.800   1.0000         dur_0
 11.2000    0    3.200   1.0000          NULL 
 14.4000    1    4.800   1.0000         dur_0
 19.2000    9    4.800   1.0000         isi_4
 24.0000    0    3.200   1.0000          NULL 
 27.2000    4    4.800   1.0000         dur_8
 32.0000    0    1.600   1.0000          NULL 
 33.6000    6    4.800   1.0000        dur_32
 38.4000    0    1.600   1.0000          NULL 
 40.0000    7    4.800   1.0000        dur_64
 44.8000    0    3.200   1.0000          NULL 
 48.0000   10    4.800   1.0000         isi_8
 52.8000    8    4.800   1.0000         isi_2
 57.6000    0    6.400   1.0000          NULL 
 64.0000   13    4.800   1.0000        isi_64
 68.8000   10    4.800   1.0000         isi_8
 73.6000    0    1.600   1.0000          NULL 
 75.2000    4    4.800   1.0000         dur_8
 80.0000    0    1.600   1.0000          NULL 
 81.6000   10    4.800   1.0000         isi_8
 86.4000    0    8.000   1.0000          NULL 
 94.4000    2    4.800   1.0000         dur_2
 99.2000    0    3.200   1.0000          NULL 
102.4000   11    4.800   1.0000        isi_16
107.2000    2    4.800   1.0000         dur_2
112.0000    9    4.800   1.0000         isi_4
116.8000    0    6.400   1.0000          NULL 
123.2000    4    4.800   1.0000         dur_8
128.0000    0    8.000   1.0000          NULL 
136.0000    3    4.800   1.0000         dur_4
140.8000    0    3.200   1.0000          NULL 
144.0000    6    4.800   1.0000        dur_32
148.8000    0    6.400   1.0000          NULL 
155.2001    5    4.800   1.0000        dur_16
160.0001    3    4.800   1.0000         dur_4
164.8001    0    4.800   1.0000          NULL 
169.6001   12    4.800   1.0000        isi_32
174.4001    0    4.800   1.0000          NULL 
179.2001    5    4.800   1.0000        dur_16
184.0001    0    1.600   1.0000          NULL 
185.6001    3    4.800   1.0000         dur_4
190.4001    0    8.000   1.0000          NULL 
198.4001    6    4.800   1.0000        dur_32
203.2001    7    4.800   1.0000        dur_64
208.0002    0    8.000   1.0000          NULL 
216.0002   13    4.800   1.0000        isi_64
220.8002    0    4.800   1.0000          NULL 
225.6002    8    4.800   1.0000         isi_2
230.4002   11    4.800   1.0000        isi_16
235.2002    0    1.600   1.0000          NULL 
236.8002   12    4.800   1.0000        isi_32
241.6002    0    3.200   1.0000          NULL 
244.8002   13    4.800   1.0000        isi_64
249.6002    0    1.600   1.0000          NULL 
251.2002    8    4.800   1.0000         isi_2
256.0002    0    4.800   1.0000          NULL 
260.8003   11    4.800   1.0000        isi_16
265.6003    0   11.200   1.0000          NULL 
276.8003    9    4.800   1.0000         isi_4
281.6003    0    4.800   1.0000          NULL 
286.4003   12    4.800   1.0000        isi_32
291.2003    5    4.800   1.0000        dur_16
296.0003    0    1.600   1.0000          NULL 
297.6003    7    4.800   1.0000        dur_64
302.4003    0    3.200   1.0000          NULL 
305.6003    2    4.800   1.0000         dur_2
310.4003    0    9.600   1.0000          NULL 
