  0.0000   13    4.800   1.0000        isi_64
  4.8000    0    4.800   1.0000          NULL 
  9.6000    1    4.800   1.0000         dur_0
 14.4000   11    4.800   1.0000        isi_16
 19.2000    4    4.800   1.0000         dur_8
 24.0000    0    4.800   1.0000          NULL 
 28.8000    6    4.800   1.0000        dur_32
 33.6000    0    6.400   1.0000          NULL 
 40.0000    8    4.800   1.0000         isi_2
 44.8000    0    6.400   1.0000          NULL 
 51.2000    2    4.800   1.0000         dur_2
 56.0000   10    4.800   1.0000         isi_8
 60.8000    0    4.800   1.0000          NULL 
 65.6000   12    4.800   1.0000        isi_32
 70.4000    0    8.000   1.0000          NULL 
 78.4000    4    4.800   1.0000         dur_8
 83.2000    0    1.600   1.0000          NULL 
 84.8000    2    4.800   1.0000         dur_2
 89.6000    0    1.600   1.0000          NULL 
 91.2000    6    4.800   1.0000        dur_32
 96.0000    3    4.800   1.0000         dur_4
100.8000    0    6.400   1.0000          NULL 
107.2000    7    4.800   1.0000        dur_64
112.0000    9    4.800   1.0000         isi_4
116.8000    0    1.600   1.0000          NULL 
118.4000    4    4.800   1.0000         dur_8
123.2000    5    4.800   1.0000        dur_16
128.0000    0    4.800   1.0000          NULL 
132.8000   13    4.800   1.0000        isi_64
137.6000    5    4.800   1.0000        dur_16
142.4000    0    4.800   1.0000          NULL 
147.2000   11    4.800   1.0000        isi_16
152.0000    0    8.000   1.0000          NULL 
160.0001    1    4.800   1.0000         dur_0
164.8001    0    3.200   1.0000          NULL 
168.0001    3    4.800   1.0000         dur_4
172.8001    8    4.800   1.0000         isi_2
177.6001    0    3.200   1.0000          NULL 
180.8001   12    4.800   1.0000        isi_32
185.6001    0    3.200   1.0000          NULL 
188.8001   10    4.800   1.0000         isi_8
193.6001    0    4.800   1.0000          NULL 
198.4001    8    4.800   1.0000         isi_2
203.2001    0    8.000   1.0000          NULL 
211.2002    5    4.800   1.0000        dur_16
216.0002    1    4.800   1.0000         dur_0
220.8002    0    8.000   1.0000          NULL 
228.8002    9    4.800   1.0000         isi_4
233.6002    0    1.600   1.0000          NULL 
235.2002    6    4.800   1.0000        dur_32
240.0002    0    6.400   1.0000          NULL 
246.4002   11    4.800   1.0000        isi_16
251.2002    9    4.800   1.0000         isi_4
256.0002    0    3.200   1.0000          NULL 
259.2003    7    4.800   1.0000        dur_64
264.0002    0    1.600   1.0000          NULL 
265.6003    3    4.800   1.0000         dur_4
270.4002    0    6.400   1.0000          NULL 
276.8003   13    4.800   1.0000        isi_64
281.6003    0    1.600   1.0000          NULL 
283.2003    7    4.800   1.0000        dur_64
288.0002    0    4.800   1.0000          NULL 
292.8003    2    4.800   1.0000         dur_2
297.6003    0    3.200   1.0000          NULL 
300.8003   10    4.800   1.0000         isi_8
305.6003    0    6.400   1.0000          NULL 
312.0003   12    4.800   1.0000        isi_32
316.8003    0    3.200   1.0000          NULL 
