  0.0000    8    4.800   1.0000         isi_2
  4.8000    0    4.800   1.0000          NULL 
  9.6000   13    4.800   1.0000        isi_64
 14.4000    0    8.000   1.0000          NULL 
 22.4000    3    4.800   1.0000         dur_4
 27.2000    9    4.800   1.0000         isi_4
 32.0000    0    6.400   1.0000          NULL 
 38.4000    8    4.800   1.0000         isi_2
 43.2000    5    4.800   1.0000        dur_16
 48.0000    0    4.800   1.0000          NULL 
 52.8000    1    4.800   1.0000         dur_0
 57.6000    0    3.200   1.0000          NULL 
 60.8000   11    4.800   1.0000        isi_16
 65.6000    0    8.000   1.0000          NULL 
 73.6000   11    4.800   1.0000        isi_16
 78.4000    3    4.800   1.0000         dur_4
 83.2000   12    4.800   1.0000        isi_32
 88.0000    0    1.600   1.0000          NULL 
 89.6000    6    4.800   1.0000        dur_32
 94.4000    9    4.800   1.0000         isi_4
 99.2000    0    3.200   1.0000          NULL 
102.4000   13    4.800   1.0000        isi_64
107.2000   13    4.800   1.0000        isi_64
112.0000    0    1.600   1.0000          NULL 
113.6000    7    4.800   1.0000        dur_64
118.4000    0    8.000   1.0000          NULL 
126.4000    5    4.800   1.0000        dur_16
131.2000    8    4.800   1.0000         isi_2
136.0000    7    4.800   1.0000        dur_64
140.8000    0    1.600   1.0000          NULL 
142.4000   12    4.800   1.0000        isi_32
147.2000    0    8.000   1.0000          NULL 
155.2000    6    4.800   1.0000        dur_32
160.0000    0    4.800   1.0000          NULL 
164.8000    4    4.800   1.0000         dur_8
169.6001    0    4.800   1.0000          NULL 
174.4001    9    4.800   1.0000         isi_4
179.2001    2    4.800   1.0000         dur_2
184.0001    4    4.800   1.0000         dur_8
188.8001    0    3.200   1.0000          NULL 
192.0001   10    4.800   1.0000         isi_8
196.8001    0    6.400   1.0000          NULL 
203.2001    2    4.800   1.0000         dur_2
208.0001    1    4.800   1.0000         dur_0
212.8001    0    3.200   1.0000          NULL 
216.0001    6    4.800   1.0000        dur_32
220.8001   10    4.800   1.0000         isi_8
225.6001    0    1.600   1.0000          NULL 
227.2001    7    4.800   1.0000        dur_64
232.0002    0    6.400   1.0000          NULL 
238.4002    4    4.800   1.0000         dur_8
243.2002    3    4.800   1.0000         dur_4
248.0002    0    8.000   1.0000          NULL 
256.0002    2    4.800   1.0000         dur_2
260.8002    0    8.000   1.0000          NULL 
268.8002    1    4.800   1.0000         dur_0
273.6002    5    4.800   1.0000        dur_16
278.4002    0    6.400   1.0000          NULL 
284.8002   11    4.800   1.0000        isi_16
289.6002    0    9.600   1.0000          NULL 
299.2003   12    4.800   1.0000        isi_32
304.0002    0    1.600   1.0000          NULL 
305.6003   10    4.800   1.0000         isi_8
310.4002    0    9.600   1.0000          NULL 
