  0.0000    8    4.800   1.0000         isi_2
  4.8000    4    4.800   1.0000         dur_8
  9.6000    0    1.600   1.0000          NULL 
 11.2000    7    4.800   1.0000        dur_64
 16.0000    0    4.800   1.0000          NULL 
 20.8000    6    4.800   1.0000        dur_32
 25.6000    1    4.800   1.0000         dur_0
 30.4000    0    3.200   1.0000          NULL 
 33.6000    8    4.800   1.0000         isi_2
 38.4000    0    1.600   1.0000          NULL 
 40.0000    5    4.800   1.0000        dur_16
 44.8000    0    8.000   1.0000          NULL 
 52.8000    7    4.800   1.0000        dur_64
 57.6000    0    1.600   1.0000          NULL 
 59.2000    6    4.800   1.0000        dur_32
 64.0000    8    4.800   1.0000         isi_2
 68.8000    0    9.600   1.0000          NULL 
 78.4000   13    4.800   1.0000        isi_64
 83.2000    0    1.600   1.0000          NULL 
 84.8000    3    4.800   1.0000         dur_4
 89.6000    0    4.800   1.0000          NULL 
 94.4000    2    4.800   1.0000         dur_2
 99.2000    0    4.800   1.0000          NULL 
104.0000   13    4.800   1.0000        isi_64
108.8000    0    3.200   1.0000          NULL 
112.0000   12    4.800   1.0000        isi_32
116.8000    0    3.200   1.0000          NULL 
120.0000   13    4.800   1.0000        isi_64
124.8000    6    4.800   1.0000        dur_32
129.6000    0    4.800   1.0000          NULL 
134.4000   10    4.800   1.0000         isi_8
139.2000    0    6.400   1.0000          NULL 
145.6000   11    4.800   1.0000        isi_16
150.4000    0    3.200   1.0000          NULL 
153.6000    7    4.800   1.0000        dur_64
158.4000   11    4.800   1.0000        isi_16
163.2000    0    3.200   1.0000          NULL 
166.4001    4    4.800   1.0000         dur_8
171.2001    0    3.200   1.0000          NULL 
174.4001    9    4.800   1.0000         isi_4
179.2001    0    4.800   1.0000          NULL 
184.0001   12    4.800   1.0000        isi_32
188.8001    0    4.800   1.0000          NULL 
193.6001    3    4.800   1.0000         dur_4
198.4001   10    4.800   1.0000         isi_8
203.2001    0    4.800   1.0000          NULL 
208.0001    4    4.800   1.0000         dur_8
212.8001    1    4.800   1.0000         dur_0
217.6001    0    8.000   1.0000          NULL 
225.6002   12    4.800   1.0000        isi_32
230.4002    9    4.800   1.0000         isi_4
235.2002    0    1.600   1.0000          NULL 
236.8002    2    4.800   1.0000         dur_2
241.6002    0    9.600   1.0000          NULL 
251.2002    1    4.800   1.0000         dur_0
256.0002   10    4.800   1.0000         isi_8
260.8002    0    8.000   1.0000          NULL 
268.8002    9    4.800   1.0000         isi_4
273.6002    0    3.200   1.0000          NULL 
276.8002   11    4.800   1.0000        isi_16
281.6002    0    6.400   1.0000          NULL 
288.0002    3    4.800   1.0000         dur_4
292.8002    0    4.800   1.0000          NULL 
297.6003    5    4.800   1.0000        dur_16
302.4002    5    4.800   1.0000        dur_16
307.2002    0    4.800   1.0000          NULL 
312.0002    2    4.800   1.0000         dur_2
316.8002    0    3.200   1.0000          NULL 
