  0.0000   10    4.800   1.0000         isi_8
  4.8000    5    4.800   1.0000        dur_16
  9.6000    0    1.600   1.0000          NULL 
 11.2000    6    4.800   1.0000        dur_32
 16.0000    2    4.800   1.0000         dur_2
 20.8000    0    1.600   1.0000          NULL 
 22.4000   11    4.800   1.0000        isi_16
 27.2000    0    1.600   1.0000          NULL 
 28.8000   13    4.800   1.0000        isi_64
 33.6000    0    3.200   1.0000          NULL 
 36.8000    8    4.800   1.0000         isi_2
 41.6000    0    6.400   1.0000          NULL 
 48.0000   10    4.800   1.0000         isi_8
 52.8000    0    8.000   1.0000          NULL 
 60.8000    6    4.800   1.0000        dur_32
 65.6000    0    9.600   1.0000          NULL 
 75.2000    9    4.800   1.0000         isi_4
 80.0000    4    4.800   1.0000         dur_8
 84.8000    0    6.400   1.0000          NULL 
 91.2000   12    4.800   1.0000        isi_32
 96.0000    1    4.800   1.0000         dur_0
100.8000    0    3.200   1.0000          NULL 
104.0000    7    4.800   1.0000        dur_64
108.8000    0    1.600   1.0000          NULL 
110.4000   10    4.800   1.0000         isi_8
115.2000    0    1.600   1.0000          NULL 
116.8000    6    4.800   1.0000        dur_32
121.6000    0    3.200   1.0000          NULL 
124.8000   13    4.800   1.0000        isi_64
129.6000   11    4.800   1.0000        isi_16
134.4000    7    4.800   1.0000        dur_64
139.2000    0    8.000   1.0000          NULL 
147.2000   12    4.800   1.0000        isi_32
152.0000    0    4.800   1.0000          NULL 
156.8000    2    4.800   1.0000         dur_2
161.6000    0    1.600   1.0000          NULL 
163.2000    9    4.800   1.0000         isi_4
168.0000    0    4.800   1.0000          NULL 
172.8001    3    4.800   1.0000         dur_4
177.6001    0    8.000   1.0000          NULL 
185.6001   12    4.800   1.0000        isi_32
190.4001    0    1.600   1.0000          NULL 
192.0001    4    4.800   1.0000         dur_8
196.8001    3    4.800   1.0000         dur_4
201.6001    0    1.600   1.0000          NULL 
203.2001    1    4.800   1.0000         dur_0
208.0001    2    4.800   1.0000         dur_2
212.8001    0    4.800   1.0000          NULL 
217.6001    1    4.800   1.0000         dur_0
222.4001    0    4.800   1.0000          NULL 
227.2002    7    4.800   1.0000        dur_64
232.0002    0    1.600   1.0000          NULL 
233.6002    8    4.800   1.0000         isi_2
238.4002    4    4.800   1.0000         dur_8
243.2002    0    8.000   1.0000          NULL 
251.2002   13    4.800   1.0000        isi_64
256.0002    0    8.000   1.0000          NULL 
264.0002   11    4.800   1.0000        isi_16
268.8002    0    8.000   1.0000          NULL 
276.8003    8    4.800   1.0000         isi_2
281.6003    0    1.600   1.0000          NULL 
283.2003    5    4.800   1.0000        dur_16
288.0002    9    4.800   1.0000         isi_4
292.8002    0    8.000   1.0000          NULL 
300.8003    5    4.800   1.0000        dur_16
305.6003    0    4.800   1.0000          NULL 
310.4003    3    4.800   1.0000         dur_4
315.2003    0    4.800   1.0000          NULL 
