  0.0000    1    4.800   1.0000         dur_0
  4.8000    0    1.600   1.0000          NULL 
  6.4000    2    4.800   1.0000         dur_2
 11.2000    0    1.600   1.0000          NULL 
 12.8000    6    4.800   1.0000        dur_32
 17.6000    0    1.600   1.0000          NULL 
 19.2000    9    4.800   1.0000         isi_4
 24.0000    0    1.600   1.0000          NULL 
 25.6000    4    4.800   1.0000         dur_8
 30.4000    0    4.800   1.0000          NULL 
 35.2000    3    4.800   1.0000         dur_4
 40.0000    0    3.200   1.0000          NULL 
 43.2000    2    4.800   1.0000         dur_2
 48.0000    0    8.000   1.0000          NULL 
 56.0000    3    4.800   1.0000         dur_4
 60.8000    0    8.000   1.0000          NULL 
 68.8000    6    4.800   1.0000        dur_32
 73.6000    0    6.400   1.0000          NULL 
 80.0000    7    4.800   1.0000        dur_64
 84.8000    0    3.200   1.0000          NULL 
 88.0000    3    4.800   1.0000         dur_4
 92.8000    0    1.600   1.0000          NULL 
 94.4000    7    4.800   1.0000        dur_64
 99.2000    5    4.800   1.0000        dur_16
104.0000    0    6.400   1.0000          NULL 
110.4000    8    4.800   1.0000         isi_2
115.2000    9    4.800   1.0000         isi_4
120.0000    0    8.000   1.0000          NULL 
128.0000   10    4.800   1.0000         isi_8
132.8000    0    3.200   1.0000          NULL 
136.0000    8    4.800   1.0000         isi_2
140.8000    0    4.800   1.0000          NULL 
145.6000   10    4.800   1.0000         isi_8
150.4000    0    3.200   1.0000          NULL 
153.6000   10    4.800   1.0000         isi_8
158.4000    5    4.800   1.0000        dur_16
163.2000    0    3.200   1.0000          NULL 
166.4000   11    4.800   1.0000        isi_16
171.2000    1    4.800   1.0000         dur_0
176.0000    0    3.200   1.0000          NULL 
179.2001    4    4.800   1.0000         dur_8
184.0001    0    1.600   1.0000          NULL 
185.6001    1    4.800   1.0000         dur_0
190.4001    0    1.600   1.0000          NULL 
192.0001    6    4.800   1.0000        dur_32
196.8001   12    4.800   1.0000        isi_32
201.6001    0    6.400   1.0000          NULL 
208.0001   13    4.800   1.0000        isi_64
212.8001    0    1.600   1.0000          NULL 
214.4001    5    4.800   1.0000        dur_16
219.2001    0    9.600   1.0000          NULL 
228.8002    7    4.800   1.0000        dur_64
233.6002    0    8.000   1.0000          NULL 
241.6002    4    4.800   1.0000         dur_8
246.4002   13    4.800   1.0000        isi_64
251.2002    0    6.400   1.0000          NULL 
257.6002   12    4.800   1.0000        isi_32
262.4002    0    3.200   1.0000          NULL 
265.6002    9    4.800   1.0000         isi_4
270.4002    8    4.800   1.0000         isi_2
275.2002    0    3.200   1.0000          NULL 
278.4002   11    4.800   1.0000        isi_16
283.2002    0    6.400   1.0000          NULL 
289.6002    2    4.800   1.0000         dur_2
294.4002    0    4.800   1.0000          NULL 
299.2002   13    4.800   1.0000        isi_64
304.0002    0    1.600   1.0000          NULL 
305.6002   12    4.800   1.0000        isi_32
310.4002    0    1.600   1.0000          NULL 
312.0002   11    4.800   1.0000        isi_16
316.8002    0    3.200   1.0000          NULL 
