  0.0000    4    4.800   1.0000         dur_8
  4.8000    0    4.800   1.0000          NULL 
  9.6000    8    4.800   1.0000         isi_2
 14.4000    0    4.800   1.0000          NULL 
 19.2000    5    4.800   1.0000        dur_16
 24.0000    0    4.800   1.0000          NULL 
 28.8000   12    4.800   1.0000        isi_32
 33.6000    3    4.800   1.0000         dur_4
 38.4000    1    4.800   1.0000         dur_0
 43.2000    1    4.800   1.0000         dur_0
 48.0000    0    3.200   1.0000          NULL 
 51.2000    8    4.800   1.0000         isi_2
 56.0000    4    4.800   1.0000         dur_8
 60.8000    0   11.200   1.0000          NULL 
 72.0000    2    4.800   1.0000         dur_2
 76.8000    0    8.000   1.0000          NULL 
 84.8000   10    4.800   1.0000         isi_8
 89.6000    0    1.600   1.0000          NULL 
 91.2000    7    4.800   1.0000        dur_64
 96.0000    0    4.800   1.0000          NULL 
100.8000    6    4.800   1.0000        dur_32
105.6000    5    4.800   1.0000        dur_16
110.4000    6    4.800   1.0000        dur_32
115.2000    0    1.600   1.0000          NULL 
116.8000   10    4.800   1.0000         isi_8
121.6000    0    1.600   1.0000          NULL 
123.2000   10    4.800   1.0000         isi_8
128.0000    0    1.600   1.0000          NULL 
129.6000    2    4.800   1.0000         dur_2
134.4000    0    1.600   1.0000          NULL 
136.0000   11    4.800   1.0000        isi_16
140.8000    0    3.200   1.0000          NULL 
144.0000    3    4.800   1.0000         dur_4
148.8000    0    4.800   1.0000          NULL 
153.6000    9    4.800   1.0000         isi_4
158.4000    4    4.800   1.0000         dur_8
163.2000    0    4.800   1.0000          NULL 
168.0001    2    4.800   1.0000         dur_2
172.8001    0    3.200   1.0000          NULL 
176.0001    5    4.800   1.0000        dur_16
180.8001    0    8.000   1.0000          NULL 
188.8001   11    4.800   1.0000        isi_16
193.6001    0    1.600   1.0000          NULL 
195.2001   13    4.800   1.0000        isi_64
200.0001    0    3.200   1.0000          NULL 
203.2001    7    4.800   1.0000        dur_64
208.0001    0    8.000   1.0000          NULL 
216.0002    7    4.800   1.0000        dur_64
220.8002    8    4.800   1.0000         isi_2
225.6002    0    8.000   1.0000          NULL 
233.6002   13    4.800   1.0000        isi_64
238.4002    0    1.600   1.0000          NULL 
240.0002   11    4.800   1.0000        isi_16
244.8002   12    4.800   1.0000        isi_32
249.6002    0    3.200   1.0000          NULL 
252.8002    6    4.800   1.0000        dur_32
257.6002    0    8.000   1.0000          NULL 
265.6003    1    4.800   1.0000         dur_0
270.4002    0    6.400   1.0000          NULL 
276.8003    9    4.800   1.0000         isi_4
281.6003    0    4.800   1.0000          NULL 
286.4003    3    4.800   1.0000         dur_4
291.2003    0    4.800   1.0000          NULL 
296.0003   13    4.800   1.0000        isi_64
300.8003    9    4.800   1.0000         isi_4
305.6003   12    4.800   1.0000        isi_32
310.4002    0    9.600   1.0000          NULL 
