  0.0000    7    4.800   1.0000        dur_64
  4.8000    0    1.600   1.0000          NULL 
  6.4000    5    4.800   1.0000        dur_16
 11.2000    0    1.600   1.0000          NULL 
 12.8000    7    4.800   1.0000        dur_64
 17.6000    0    4.800   1.0000          NULL 
 22.4000    2    4.800   1.0000         dur_2
 27.2000    9    4.800   1.0000         isi_4
 32.0000    5    4.800   1.0000        dur_16
 36.8000    0    6.400   1.0000          NULL 
 43.2000   13    4.800   1.0000        isi_64
 48.0000   11    4.800   1.0000        isi_16
 52.8000    0    4.800   1.0000          NULL 
 57.6000   13    4.800   1.0000        isi_64
 62.4000    0    3.200   1.0000          NULL 
 65.6000   10    4.800   1.0000         isi_8
 70.4000   13    4.800   1.0000        isi_64
 75.2000    6    4.800   1.0000        dur_32
 80.0000    0    8.000   1.0000          NULL 
 88.0000    8    4.800   1.0000         isi_2
 92.8000    6    4.800   1.0000        dur_32
 97.6000    0    3.200   1.0000          NULL 
100.8000    6    4.800   1.0000        dur_32
105.6000    0    1.600   1.0000          NULL 
107.2000    5    4.800   1.0000        dur_16
112.0000    0    1.600   1.0000          NULL 
113.6000    4    4.800   1.0000         dur_8
118.4000    0    4.800   1.0000          NULL 
123.2000    4    4.800   1.0000         dur_8
128.0000    4    4.800   1.0000         dur_8
132.8000    0    8.000   1.0000          NULL 
140.8000    3    4.800   1.0000         dur_4
145.6000    0    4.800   1.0000          NULL 
150.4001   12    4.800   1.0000        isi_32
155.2001    0    9.600   1.0000          NULL 
164.8001   10    4.800   1.0000         isi_8
169.6001    8    4.800   1.0000         isi_2
174.4001    0    6.400   1.0000          NULL 
180.8001    3    4.800   1.0000         dur_4
185.6001    0    6.400   1.0000          NULL 
192.0002    8    4.800   1.0000         isi_2
196.8002    0    3.200   1.0000          NULL 
200.0002    1    4.800   1.0000         dur_0
204.8002    0    1.600   1.0000          NULL 
206.4002    1    4.800   1.0000         dur_0
211.2002    0    8.000   1.0000          NULL 
219.2002    1    4.800   1.0000         dur_0
224.0002   10    4.800   1.0000         isi_8
228.8002    0    4.800   1.0000          NULL 
233.6002   11    4.800   1.0000        isi_16
238.4002    0    1.600   1.0000          NULL 
240.0002    3    4.800   1.0000         dur_4
244.8002    0   11.200   1.0000          NULL 
256.0003   12    4.800   1.0000        isi_32
260.8003   11    4.800   1.0000        isi_16
265.6003    2    4.800   1.0000         dur_2
270.4002    0    4.800   1.0000          NULL 
275.2003    9    4.800   1.0000         isi_4
280.0002    9    4.800   1.0000         isi_4
284.8002    0    4.800   1.0000          NULL 
289.6003    7    4.800   1.0000        dur_64
294.4002   12    4.800   1.0000        isi_32
299.2002    0    6.400   1.0000          NULL 
305.6003    2    4.800   1.0000         dur_2
310.4002    0    9.600   1.0000          NULL 
